1024 500B
6 TCP AGGREGATE
7887
7523
7712
8836
7253
6835
8265
7344
7681
6886
32 MS AGGREGATE
1305
1805
2324
2923
1252
3931
4217
1308
3366
3073
HTTP/1.1 (6)
5967
4779
5848
5476
5514
5150
5275
6365
5561
5107
HTTP/3
1784
1232
1244
1986
1069
1374
1213
1219
1376
1224



#####################################




64 500B
6 TCP AGGREGATE
1475
2899
1860
2054
2154
2658
1851
1085
1001
2622
32 MS AGGREGATE ( ping approx 32 ms)
560
875
894
210
1788
1958
1063
963
243
476
HTTP/1.1 (6)
721
592
444
481
482
500
433
582
649
1594
HTTP/3
366
392
357
323
357
384
376
561
333
341



#####################################




64 10KB
6 TCP AGGREGATE
1903
1785
1870
1215
1496
4315
6814
3300
2104
3191
32 MS AGGREGATE
1418
1202
1295
1501
902
862
1135
908
1088
958
HTTP/1.1 (6)
527
835
487
583
487
649
461
546
536
509
HTTP/3
1674
866
748
550
948
559
703
1780
1054
1062
