1024 500B
6 TCP
36010
44727
27182
47300
49069
36218
39296
28349
27671
35146
32 MS
4358
3777
4270
4502
4690
4533
4914
5351
5982
4137
HTTP/1.1 (6)
5967
4779
5848
5476
5514
5150
5275
6365
5561
5107
HTTP/3
1784
1232
1244
1986
1069
1374
1213
1219
1376
1224








64 500B
6 TCP
2601
2780
2825
2873
2271
4420
2061
2597
4423
3748
32 MS
1329
621
580
785
462
1128
584
2166
3638
565
HTTP/1.1 (6)
721
592
444
481
482
500
433
582
649
1594
HTTP/3
366
392
357
323
357
384
376
561
333
341








64 10KB
6 TCP
47344
31043
39729
43999
33824
44156
43338
54416
54989
43148
32 MS
6384
6343
4939
5098
4834
8030
5498
5289
5716
5724
HTTP/1.1 (6)
527
835
487
583
487
649
461
546
536
509
HTTP/3
1674
866
748
550
948
559
703
1780
1054
1062
